PACKAGE_USAGE__VERSION_1
com.google.android.ext.services 0 1612819238071 0 0 0 0 0 0
com.android.providers.telephony 0 0 0 0 1612819225561 0 1612819225934 0
com.google.android.googlequicksearchbox 0 1635917289928 0 1635869226617 1612819264726 0 0 0
com.android.providers.calendar 0 0 0 1635933410810 1635890387324 0 0 0
com.android.providers.media 0 1612819276047 0 1612819276050 1635882466312 0 1635882466437 0
com.montblanc.smartwatch.configurator.chrono390 0 1635934587257 0 0 1635869143638 0 0 0
com.jeremysteckling.facerrel 0 0 0 1635868695224 1635868687413 0 0 0
com.google.android.wearable.setupwizard 1635868716311 1635868710436 1635868710539 0 0 0 0 0
com.android.providers.downloads 0 1635868797016 0 1635882552021 1635882466312 0 0 0
com.google.android.apps.messaging 0 1635869226215 0 1635868810175 1612819277503 0 0 0
com.qualcomm.qti.telephonyservice 0 1612819238894 0 1635868684373 0 0 0 0
com.android.vending 0 1635925667702 1635868711725 1635882466728 1635882464702 0 0 0
com.google.android.marvin.talkback 0 0 0 1612819266979 1612819238155 0 0 0
com.montblanc.smartwatch.alarmclock 0 0 0 1635894001326 0 0 0 0
fitness.smartwatch.montblanc.com.fitness 1635932336246 1635869055998 0 1612819267772 1612819267752 0 0 0
android 1635939472236 1635917292909 0 1612819265988 368127139 0 0 0
com.google.android.apps.wearable.settings 1635868951072 1635920858617 0 1635920858602 368127139 0 1635868679309 0
com.android.nfc 0 0 0 1612819274923 1612819240164 0 0 0
com.montblanc.smartwatch.configurator.energy 0 0 0 1635868742467 1635868742427 0 0 0
org.codeaurora.ims 0 1612819234361 0 0 0 0 1612819234735 0
com.montblanc.smart.watch.sportswatchface 1635931424887 1635931421966 0 1612819267183 0 0 0 0
com.qualcomm.qcrilmsgtunnel 0 1612819238833 0 1612819238762 0 0 0 0
com.android.providers.settings 0 0 0 0 368127139 0 368127142 0
com.google.android.apps.wearable.bluetooth 0 1635939472923 0 1635939472908 0 0 0 0
com.montblanc.smartwatch.configurator.summit 0 1635868687347 0 0 1635868687319 0 0 0
com.google.android.apps.wearable.systemui 0 1612819224716 0 0 0 0 0 0
com.android.se 0 1612819240521 0 0 0 0 0 0
com.oma.sub 0 1612819256997 0 0 1612819256989 0 0 0
com.android.cellbroadcastreceiver 0 1612819274671 0 1612819274648 1612819252127 0 0 0
com.google.android.apps.fitness 0 1635934090377 0 1635894001730 1612819256270 0 0 0
com.montblanc.smartwatch.toolbox 1635882469071 1635925262981 1635882484043 0 1635925262975 0 0 0
com.android.server.telecom 0 1612819226511 0 0 0 0 1612819225811 0
com.android.keychain 0 1612819243370 0 0 0 0 0 0
com.google.android.packageinstaller 1635882524496 0 0 1635868680383 1635882524472 0 0 0
com.google.android.gms 1635932343050 1635939470884 0 1635938971716 1612819268758 0 1635868673654 0
com.google.android.gsf 0 0 0 1635868817359 1612819250327 0 0 0
com.google.android.tts 0 1612819242142 0 0 0 0 0 0
com.google.android.apps.walletnfcrel 0 1635869202295 0 1635868768147 1635868672420 0 0 0
com.google.android.partnersetup 0 1635938971692 0 1635868757194 1635872287363 0 0 0
com.wearos.lc.setupdefault 0 0 0 1635868686301 0 0 0 0
com.google.android.wearable.ambient 0 1635939469481 1612819242319 1635868682974 0 0 1612819241060 0
travel.smartwatch.montblanc.com.travelapp 0 0 0 1612819270891 1612819270829 0 0 0
com.montblanc.smartwatch.stopwatch 0 0 0 1635868695450 0 0 0 0
com.android.managedprovisioning 0 0 0 1612819274833 0 0 0 0
com.montblanc.smartwatch.cities 0 1635869242639 0 0 0 0 0 0
com.google.android.euicc.wear 0 1635868727187 0 0 0 0 0 0
com.google.android.apps.wearable.phone 0 0 0 1635869227771 0 0 0 0
com.oma.dm 0 1612819256711 0 1635868706808 0 0 1612819256723 0
com.montblanc.smartwatch.configurator.boheme.date 0 1635868985901 0 0 1635868985894 0 0 0
com.google.android.wearable.app 1635931428405 1635939179819 0 1635932336518 1612819240623 0 0 0
com.qti.diagservices 0 1612819266594 0 1612819266393 0 0 0 0
com.android.phone 0 1612819234005 0 1612819274947 1612819225561 0 0 0
com.android.providers.blockednumber 0 0 0 0 1635869226966 0 1635869227264 0
com.android.providers.userdictionary 0 0 0 0 1635869226966 0 1635869227322 0
com.qualcomm.qti.sidekickmetrics 0 1612819238869 0 1635868684350 0 0 0 0
com.android.location.fused 0 1612819224842 0 0 0 0 1612819226533 0
com.qualcomm.qti.operationmeasurement 0 1635868684337 0 1635868684116 0 0 0 0
com.android.bluetooth 0 1635920857794 0 0 1635920856196 0 0 0
com.qualcomm.timeservice 0 0 0 1635868696039 0 0 0 0
com.qualcomm.atfwd 0 1635868683849 0 1635868683656 0 0 0 0
com.android.providers.contacts 0 0 0 1635869226972 1635869226966 0 1612819245917 0
com.android.connectivity.metrics 0 0 0 1635868756524 0 0 0 0
com.google.android.inputmethod.latin 0 1612819224506 0 1635868679861 0 0 0 0
